-1.027145623757106740e+01 -1.027363044437305106e+01 -1.015452918622036016e+01 -1.027745451680834776e+01
-1.004633384808289520e+01 -9.868631211734465225e+00 -1.005678007992138312e+01 -9.989951274988666086e+00
-9.813503099289350828e+00 -1.000162551605361116e+01 -1.000246277259508787e+01 -1.000318334144036037e+01
-9.922712286431838891e+00 -1.000000000000000000e+01 -1.000086468594943589e+01 -1.000171094865033972e+01
-1.002429863922486852e+01 -1.002591458629352594e+01 -9.722108034153741585e+00 -1.002697839306088312e+01
-1.009054219239108718e+01 -9.649297496251035611e+00 -1.002684794644894772e+01 -1.002125252372984043e+01
-9.193688374643796735e+00 -9.849453790322998614e+00 -1.002135341207473473e+01 -1.001835687609303349e+01
-1.000000000000000000e+01 -1.000000000000000000e+01 -1.000000000000000000e+01 -1.000000000000000000e+01
-1.000424216022991608e+01 -1.000538651798650491e+01 -9.635024726376007820e+00 -1.000500406225846817e+01
-1.008906192107497013e+01 -1.008764090580934081e+01 -9.180210667999896046e+00 -9.813243714031983700e+00
-8.533574303704689612e+00 -8.533219287804937991e+00 -8.532837423288462730e+00 -8.534201395388430811e+00
-9.923140366797197132e+00 -8.112276103627731771e+00 -9.987379011394496686e+00 -1.002835803181642760e+01
-1.000000000000000000e+01 -1.000000000000000000e+01 -1.000000000000000000e+01 -1.000000000000000000e+01
-1.000179909999999950e+01 -1.000227822331113892e+01 -1.000094940930261878e+01 -9.637040296929269445e+00
-1.001075763328016066e+01 -9.988967271041790497e+00 -8.119926918401217719e+00 -9.860930245273751282e+00
-8.000000000000000000e+00 -8.000000000000000000e+00 -8.000000000000000000e+00 -8.000000000000000000e+00
