-1.118452028626525063e+01 -1.118379033091414421e+01 -1.118385349696895403e+01 -1.118464157412265969e+01
-1.046537115653437944e+01 -1.036859175036224379e+01 -1.044244496932026500e+01 -1.044436257790993672e+01
-1.009390408884033796e+01 -9.844485836471521978e+00 -1.008978814137258517e+01 -1.009099035909454578e+01
-1.007104880064259689e+01 -1.007171836483695770e+01 -1.007107179473831593e+01 -1.007107092358114642e+01
-1.048919367859158136e+01 -1.048820768504716661e+01 -1.038694367948602348e+01 -1.049178051423232461e+01
-1.016560799000949622e+01 -1.010185582154074169e+01 -9.601095037783709429e+00 -1.016669948121032974e+01
-1.010032811828834376e+01 -9.018357193221660850e+00 -1.011449508254937513e+01 -1.011188713589515942e+01
-1.000000000000000000e+01 -1.000000000000000000e+01 -1.000000000000000000e+01 -1.000000000000000000e+01
-1.011049826172332367e+01 -1.011606530687935823e+01 -1.005134687616646616e+01 -1.011730598353666366e+01
-1.003182631202879449e+01 -8.726282230901052372e+00 -9.995677447935511495e+00 -1.002213297781841561e+01
-9.968728736547291192e+00 -8.495249632239561421e+00 -1.006804748533109084e+01 -9.949091269339739085e+00
-9.993975745872276661e+00 -9.815194293234506873e+00 -1.000173621313633987e+01 -1.000179909999999950e+01
-1.000000000000000000e+01 -1.000000000000000000e+01 -1.000000000000000000e+01 -1.000000000000000000e+01
-1.006255236254209073e+01 -9.857622110811412597e+00 -7.873758519898626851e+00 -9.992610474581107738e+00
-7.815102809603923895e+00 -7.814704444134783046e+00 -7.814365233490763174e+00 -7.815694800682705612e+00
-8.000000000000000000e+00 -8.000000000000000000e+00 -8.000000000000000000e+00 -8.000000000000000000e+00
