-1.050883680059316383e+01 -1.050836242119034125e+01 -1.050854362217129001e+01 -1.050884589072677144e+01
-1.006349111688609099e+01 -9.864058796767544379e+00 -1.006267517016364366e+01 -1.006847948635893175e+01
-1.003227442457798091e+01 -9.418915160242905316e+00 -1.002938321659978449e+01 -1.003310340018055236e+01
-9.947142688883884531e+00 -1.000089999999999968e+01 -1.000089134930513701e+01 -1.000245021869981343e+01
-1.012098831650888364e+01 -1.012001410273282254e+01 -9.933167148120316980e+00 -1.012087071175484176e+01
-1.001902316880237187e+01 -9.997637134140262560e+00 -7.711982298336792496e+00 -1.001444820048431339e+01
-9.990432122831215622e+00 -4.697513973670718102e+00 -1.002922967378461117e+01 -1.001555392838289826e+01
-1.000000000000000000e+01 -1.000000000000000000e+01 -1.000000000000000000e+01 -1.000000000000000000e+01
-1.002698499242655039e+01 -1.002661212946322600e+01 -1.000587289842217764e+01 -1.002678752031971676e+01
-1.001276151169473394e+01 -9.959371641018687882e+00 -7.365895591734179959e+00 -1.000930340579674471e+01
-4.136504609708730129e+00 -4.138852146237984364e+00 -4.136032127122049928e+00 -4.138085711054033666e+00
-3.973300273836532170e+00 -3.972655897494858479e+00 -3.972910894357755573e+00 -3.979170462625952531e+00
-1.000000000000000000e+01 -1.000000000000000000e+01 -1.000000000000000000e+01 -1.000000000000000000e+01
-1.010421167883579763e+01 -1.010433794587906320e+01 -1.009930091767635751e+01 -1.010389578427175827e+01
-9.933902780050196668e+00 -1.000120194991764322e+01 -9.971068524957923174e+00 -7.330753776155462198e+00
-8.000000000000000000e+00 -8.000000000000000000e+00 -8.000000000000000000e+00 -8.000000000000000000e+00
